======================================================================
圆周率近似值 π_n = n·sin(π/n)  (n = 2^k)
======================================================================
k   n        h=1/n        π_n                    绝对误差        
----------------------------------------------------------------------
0   1        1.000000e+00 0.000000000000000      3.14e+00    
1   2        5.000000e-01 2.000000000000000      1.14e+00    
2   4        2.500000e-01 2.828427124746190      3.13e-01    
3   8        1.250000e-01 3.061467458920718      8.01e-02    
4   16       6.250000e-02 3.121445152258052      2.01e-02    
5   32       3.125000e-02 3.136548490545939      5.04e-03    
6   64       1.562500e-02 3.140331156954753      1.26e-03    
7   128      7.812500e-03 3.141277250932773      3.15e-04    
8   256      3.906250e-03 3.141513801144301      7.89e-05 